  1  1  1  1  9 11 11 11  9  9 23  9
  7  7  7  7 25 23 23 23 29 23 30 26
  2  2  1  1  1  1  1  2  2  1  1  1  1  1
  5  5  5  5  5  5  5  6  4  3  2  2  1  1
 99 99 99 99 96 96 95 95 95 95 95 93 91 91 91 91 91
 91 91 91 91 87 87 87 87 87 87 87 87 87
 91 91 91 91 87 87 87 87 87 87 87 87 87
103103103103103103103103103103103103103
 25 25 25 25 25 25 25 25 25 25 25 25 25 25 25 25 25 25 25 25 25
 51 51 51 51 59 59 59 59 59 59 59 59 66 66 66
 77 77 77 77 77 77 77 77
115115115115115115115117117121124124124124124124124129
  8  8  9  9  9  9  9  5  5  5  5  5  5  5
  8  8  9  9  9  9  9  8  8  9  9  9  9  9
115115115115115115115117117121124124124124124124124
115115115115119119119119119119119119119
103103103103103103103103103103103103103
115115115115119119119119119119119119119
 51 51 51 51 59 59 59 59 59 59 59 59 66 66 77 77 77 77 77 77 77
 99 99 99 99 96 96 95 95 95 95 95 93 91 91 91
 91 91 89 89 89 89 89 89
138138138138141141141141141141141141141141141141141141
 17 45 11 33 22 36 13 25  1 29  1 15
